%% 30 vars, 129 clauses
[[-13,-5,12],
 [-26,20,-22],
 [21,-12,9],
 [3,-2,25],
 [-20,-27,8],
 [-16,-8,-15],
 [-11,-29,-14],
 [21,-22,-4],
 [16,27,-15],
 [9,3,11],
 [20,8,6],
 [7,-15,-24],
 [-21,5,17],
 [-29,-27,-1],
 [12,-24,-10],
 [28,-27,2],
 [20,11,-22],
 [5,-19,-16],
 [7,-12,23],
 [-29,26,-17],
 [-1,-2,-10],
 [-18,-12,-16],
 [-8,-25,11],
 [-7,-6,-4],
 [29,17,-12],
 [-17,-8,9],
 [25,-23,28],
 [-11,-18,-9],
 [-21,-20,4],
 [-28,9,-6],
 [-6,15,-18],
 [-11,14,-22],
 [-7,28,24],
 [-15,10,25],
 [26,11,27],
 [-25,9,-18],
 [-8,-28,22],
 [21,-16,10],
 [-17,5,-4],
 [-24,-6,1],
 [6,1,28],
 [27,25,18],
 [28,23,22],
 [17,23,2],
 [-15,-18,-13],
 [-10,1,-30],
 [-11,20,-23],
 [-13,17,6],
 [1,17,10],
 [30,2,16],
 [6,21,19],
 [-19,-10,11],
 [3,19,20],
 [3,-11,5],
 [25,-26,27],
 [-11,-17,27],
 [-2,9,19],
 [-24,28,-19],
 [-11,27,-30],
 [-5,8,12],
 [15,-2,29],
 [-23,-9,25],
 [7,-12,-30],
 [29,23,-15],
 [-27,-22,28],
 [-28,30,2],
 [8,-6,-27],
 [13,-5,-26],
 [-1,11,-19],
 [10,-9,5],
 [17,-20,7],
 [21,-9,-8],
 [12,5,-9],
 [-23,-19,-28],
 [-7,27,-1],
 [-30,-17,12],
 [20,-11,9],
 [-27,-26,17],
 [-1,25,-29],
 [-9,-2,-23],
 [7,-21,-22],
 [12,23,-1],
 [-22,27,-4],
 [-7,-16,2],
 [-24,27,-19],
 [30,-7,-16],
 [3,12,18],
 [-26,-25,-13],
 [23,-30,-25],
 [-4,-30,8],
 [23,20,-26],
 [-6,24,5],
 [-21,-19,-1],
 [10,-19,-12],
 [-15,29,25],
 [11,-6,-10],
 [24,-6,25],
 [6,-16,-18],
 [8,-30,7],
 [15,-2,4],
 [28,-3,12],
 [-23,21,6],
 [-19,-6,18],
 [-26,-2,3],
 [-4,21,10],
 [-24,10,-13],
 [3,19,15],
 [-5,28,15],
 [21,-19,22],
 [-18,-23,-28],
 [20,4,-6],
 [10,19,27],
 [-24,-29,-2],
 [-22,6,4],
 [-2,-27,26],
 [-9,7,24],
 [-23,30,-18],
 [11,-3,26],
 [-12,2,-30],
 [-17,-14,22],
 [26,17,-5],
 [16,29,-11],
 [-20,4,21],
 [20,-15,14],
 [-30,11,-24],
 [-24,-17,-9],
 [-3,-13,-14],
 [23,19,-24],
 [-22,-14,9]].
